25025273
32640074
35450635
24995002
31534479
34735642
35257374
27807811
34489043
31078793
33413029
36478865
31802333
19095833
33995328
36238990
36174898
36165620
35608343
36799667
31114738
36691040
30974557
27629413
21075873
26013561
29359934
31381927
27128897
29303991
29222836
33765291
32984289
29943052
29843921
30534201
32253539
31911243
27193267
29527447
32021654
29687143
25824435
30125294
31890021
31754437
26173497
25541341
28278111
34556173
37066045
31407106
22342900
23683701
24881579
28477154
23240568
31786675
32149262
26279477
30555766
29491860
22728192
28688965
37013645
27588039
25037346
26773948
23638383
36966330
21964414
19075602
36735022
23275164
28515785
25869365
21511459
25919617
16848420
23615741
12202045
36686237
30023729
24692305
19482085
21429692
21619496
23360704
28078397
2269871
29159584
21241422
26047916
28501686
17503417
27286691
22012339
26234435
16961922
35205873
26722808
9251203
24531271
20441569
32624738
36567332
31235519
16347725
1452676
6685815
19071650
28053662
1506028
9025298
24425278
35127677
28777990
36546909
30961066
34560965
8938783
34336809
36542100
34155677
29317354
34921331
28591592
36162644
35847290
25822992
36560529
32620929
35056890
29435681
30395580
35155404
34771228
25941560
36916669
28649275
27399259
27919072
35757805
34513809
21751397
29196788
28710860
28257189
33219291
35214607
28648174
30960948
34722005
26907693
23570533
35017571
28935560
29274421
32065289
31309856
29887016
24031929
33222033
20953600
31110561
23218295
33352160
27856189
34631225
32653619
32380451
26490891
9776822
23788272
28805314
28491137
30474279
21524087
36602562
23911459
33043425
36506193
20176477
25724976
24880600
24948946
33712158
31641526
23795296
21919219
32300998
34153346
23841747
26909078
30125627
28576392
30966676
21903143
32866595
18695937
30465791
33521846
30986238
15354533
25644433
27297903
31131710
34168079
19788410
33292403
22038613
36771814
34771293
29100178
28859815
32871114
32586235
28750348
24401177
26185526
30396396
24929309
18292878
16080184
17329882
19646732
33905799
22858477
28884503
24128582
17932916
2793591
34489024
17168677
33461124
25841015
25295862
22436888
12485779
33741634
9693103
15760179
12033819
12571021
14599353
23715853
12761390
16599567
16103414
33301505
23622721
10347057
33807631
9925555
22633202
12226723
8597577
9925554
12817956
36866191
18668239
30383933
11694062