35963473
34265094
31172300
32305463
25480699
35881300
24086046
35616476
25239547
26340439
33159072
32270506
36240974
29801802
31821884
29876822
36744948
35353854
26198228
25662450
25108323
29119270
35699373
32152733
32389313
32001556
30908040
36330790
33994113
27229865
34346207
35951637
23964982
35244156
34425213
28193328
24875794
31077028
29258423
35150841
33751112
32540184
25381238
34523983
24953997
32432345
33545633
30842206
33491270
36040303
33727349
30503329
26694141
35468928
36517150
35944835
35348236
32525814
34634482
31636083
26951369
24847001
34612669
26762173
29600559
30816014
25550299
35293585
31465847
35000560
35761233
35913159
37093794
27172195
25740135
23687116
34385329
25361899
24371176
25302868
29050553
30654952
28429154
32357961
33333093
33792687
34613755
35638725
30222964
25333968
34006661
28743272
32873602
36774527
33138786
25914160
26031221
31664711
24260473
29054975
30225531
28600326
33276093
28736299
32546205
24344125
26248984
30959095
24569084
31068340
27363849
30615944
25329823
32777385
24879124
26025978
28696922
33359308
35858815
28847945
24474764
26908649
27557053
30718271
31413202
32017762
26453652
34375717
32797460
24800890
26962146
26577093
29420579
27786253
31027568
27060250
27888323
24700367
24037267
32179551
32389302
30731203
31444295
29294368
24881580
24205386
31807806
23801409
28291519
29256005
24629269
28216441
36625037
36206043
32938998
27856763
23733042
30603874
26247120
26215788
23893079
34686982
26150287
35735764
28414919
26805950
27428111
36435348
26657067
36901932
26740129
27062053
36481248
29668735
30413765
31392584
31765390
30687965
23832201
26639917
26812651
30914504
25279949
25257783
24699749
32471912
27694114
29351294
31270133
25053707
31472178
24190499
28420736
30511673
24607352
33038312
25644701
27029735
27268441
28602830
31048503
27345439
24699390
25398875
29801794
31581262
25851717
30825330
29718972
36347130
23666236
29678830
25636422
28285007
30367189
30307372
29203212
29601947
26463163
31249477
27449058
26212074
26771905
24371173
29131484
29908565
24120530
27019426
24556286
31451036
24162785
25182423
26272369
26194204
26231681
29421311
24621812
27730575
28599643
23835025
26956589
24492881
28039555
30286703
23648483
26132395
23940790
27796528
29924817
25425138
28704903
29768444
27029286
27381444
25849253
26464358
29183256
25889113
24570326
24928924
25749367
23950979
27987187
24711369
24879477
26994287
30183212
23873861
25384340
25253091
25412208
26541633
25362134
28715960
28973881
23685173
25596036
28838355
30216631
27986792
28107376
23624246
28485098
24224966
24022114
23766336
27600355
23809652
25474155
26115753
24673848
25275953
28265741
23691103
29297465
24773060
24030278
25595444
24717808
25659120
32228351
24586693
23465510
28451846
24870047
23729384
25662455
36165613
32393638
24347630
24130891
25144221
27458122
28349393
24243796
26373782
33561578
28959865
24640249
26859959
24747913
23887655
34182774
27856696
33825541
30139524
36039765
24492882
30255278
23962317
33542245
25362047
25863073
25822411
26136227
27815222
23970568
27587717
31554810
35743111
33295874
32020906
29569180
23712010
25762222
31502561
33727355
24818479
23861490
30954403
32291289
24316221
34568932
30715860
33712585
24028079
31213536
34182778
36898580
33335302
30468429
26204777
26907693
30940570
30612379
35156426
33607281
33002537
34509507
34445244
32111691
32355000
35196787
26284760
23958634
32503980
25688421
31950228
27425220
25635104
31739777
36721877
25647728
27259000
29923150
32770511
24055472
26781458
25522587
24030828
24428544
31835532
29592970
23589521
25861818
26109355
35166849
25651833
34718697
27506798
26254031
25848091
25635073
28403234
27139112
33262215
30471697
31068130
26711258
34339411
28667016
34168079
23966547
29121496
26091498
26474162
23617799
25143134
27077707
26100701
25702854
26178376
25851692
23792917
31474536
33753477
33346193
28096492
33051654
27694235
31234450
24692637
35217617
27340124
25880035
27002152
26048019
33830078
24324265
29259126
28688127
31266859
31289902
28214601
23916612
27016805
34526526
30553726
28650145
28467421
25862648
30719550
27210288
29232119
28177316
24342650
25146971
24728191
29503207
24070552
25361767
25429045
27147444
29463729
31344104
26537359
33411405
26530004
29170445
23844185
25567623
29374564
26996506
24520960
27870869
24994654
25978382
29134709
25879765
36603054
25411845
28507141
27068092
28425502
27152023
24189053
24554705
28972146
26587879
25533487
24947507
25831497
23802545
29364205
36537198
24021239
27402847
27240977
25375235
25863047
32949723
34126771
27148882
27317785
24350607
25132551
30011361
28729421
32938938
29682744
28655822
35638737
27225023
28004877
28286319
28799032
25421388
29463750
25446508
26578794
33051373
24569026
32142473
24523289
25598218
30557615
28886200
25423300
33551431
24173579
24828577
28543056
24607657
30208021
25517356
27708165
29853094
24250809
23834436
35797944
32020195
25292207
33121519
31698975
34147068
36151124
31916434
25889729
35881801
36690295
30278361
25711239
25086358
28177769
31876214
32946564
23594920
32710408
27590806
30086830
32259457
26048011
30321182
29625007
24142928
31431506
25711741
34633124
25652193
26321254
28717646
35333354
32022309
32794524
23539622
32869294
28933279
30017938
26481444
29547124
25977796
35306147
32703806
25396739
32697972
31484964
26596358
29930292
26801962
31235519
25747495
27628707
34459552
25549622
25670706
24790223
24710172
27076460
23818262
24218020
32898933
27856616
27652512
27531696
33234686
33046504
25222118
24173035
35744816
25201969
27443927
29078403
28640690
34815343
31025135
24484244
31996719
31672687
29305053
24733907
29954988
31138651
26476643
26647184
24880343
26255161
33526697
32408045
27538689
25002474
24762679
28802041
26429971
28704372
23453622
32527036
28459455
24140149
33176131
31822585
28320951
27260477
32033404
32651262
26306046
29026070
25536042
32479508
29852014
25793375
25841015
23828427
29587630
32329962
26536259
33056988
27036943
25037570
32633757
35527507
33468665
34738811
30461263
34175309
25428936
30777305
27385828
33410890
32635347
28167535
24404062
28955455
31316820
36836262
30455682
23755044
32759834
31031714
32272807
30696000
33071997
36963554
35330254
31919156
28729897
29403467
28928725
34603088
33182369
25535564
25691917
26300971
28978775
36569482
32759344
35909622
37052947
26288653
25838471
30109637
27239448
26279678
22961396
31508149
28137865
34899653
33176800
28357255
30013270
35079668
35958129
37143353
29308529
26484172
27990280
35208654
31024511
31114791
35049967
30633571
31248072
28179391
30472532
31551996
29119000
28947916
28031787
35205952
32273873
25883682
24674820
29728067
23735900
28616073
33509260
30554169
36354936
26305589
31511298
31736884
28229961
30302531
32584919
36577368
34765745
24391804
25154020
28527179
28761009
35257662
24000093
36620034
36748523
32438044
30364194
24581151
29738831
24277852
25288950
33199382
29213326
30570697
36922001
31975173
31649638
36294641
36876962
24794411
36142717
32158501
32743136
33937222
30028876
29404209
26004627
27917101
27681634
32514307
30143790
24848562
37043358
32313605
31001214
35980572
31216909
36143373
27150623
32211309
23475593
26419337
29563189
34718549
33824861
31474947
29051754
27032478
36804168
27763253
34816105
25459534
33141925
26908646
34882532
30447028
24677771
35525939
29602785
29114030
26013991
30389803
24375151
27039027
36481926
24502254
29376928
33013740
25921726
23721733
28752814
31844846
25198253
26882011
25897010
32968492
29801792
26497142
35633691
30866114
26830230
27277141
28330197
26615739
28583406
25296285
25064063
23782262
36409109
35584457
27714589
26950262
24980894
23644150
31212732
28087943
23954547
31954735
26032251
31598902
33714881
28115989
32205048
31884158
25466878
36814796
28721856
31754663
27761133
23597921
36442111
28436325
31749499
27636014
26335267
25721271
34417614
28648778
25254987
35550643
35387072
25141304
31536923
33174843
26124115
31523495
32038591
31711175
29951038
26403724
33219291
24201891
23873862
29491936
25506342
25210594
25108509
34086938
27347834
26606687
35330770
34757782
29515539
28007213
26572802
23991062
36309458
33051157
32218793
31900675
28957455
28322269
24184384
31714697
30238672
25209642
32700347
26209670
25268858
35286209
35709910
34817066
29227022
27109373
26691528
25454384
24906411
24813188
36294581
35736107
33675987
24129845
23988676
23835155
36571834
35722316
32610009
30317479
26092802
35007751
32117134
31752060
31692262
31689405
25942565
24532063
23411871
35729556
34119728
33516198
29160602
27825301
27213015
26341536
24519319
24380733
35628742
33574802
33297524
29387050
28145707
27222014
23979580
37107214
35889076
31534479
30779735
32743132
29456549
26718089
25534868
25428798
25068406
35624843
34695687
34093501
29997371
28074041
27353331
34000197
28533816
31816399
36566249
28049705
27578449
25356841
36175923
34379190
33489432
32634260
29062053
36823535
36706809
35870147
35666721
35204167
34008589
32782023
29149798
28889911
27837988
27303716
26932186
34733303
32339582
30125294
29931403
29713489
24415947
24391918
24373411
36271009
25416526
30967462
31034961
28634472
24884360
30738898
29686097
31817728
28386988
26934920
25573187
33322429
31696258
26670613
26253204
24291795
30065085
36983520
36507176
33787242
30474279
26253954
35950750
34258014
27984587
26197036
37066045
31324450
35351200
33733477
31454399
30908862
24845789
37061509
33563819
30417308
25002579
35843417
30979837
36135677
34346745
31254227
31277660
25342722
32188455
32033952
27104348
28912831
32845601
29844227
37083494
29772356